300,400,2983355.9830052406,2701397.1208933834,2635097.862960475,1.132161361040878 -------------(0.9,5)
4700,500,334759.13389081135,334721.1646951268,218726.61253679788,1.5304911003204629
General
800,600,1692219.5435183875,1773681.7572774964,1520161.205929946,1.113184270797903-----------(0.1,2.5)
2500,400,369611.6229033725,520007.35190429067,316211.743555257,1.168873801926917

Communication
P,n,Paper,Min Time,Time opt,mtsa                                            ------------(0.3,3)
4000,400,240110.59017076786,308297.5269803889,197632.33972203563,1.2149357261492562
600,900,3385544.1996388696,3281141.0950063663,3001051.047743991,1.1281194973953934

Amdahl
P,n,Paper,Min Time,Time opt,mtsa  ------------------------------------------------------(0.4,1)
1800,300,428330.41866857954,513426.3566104365,348988.6293608195,1.2273477776427166
500,700,3611974.887924331,3084202.7297746902,2850482.8994442355,1.267144906790553
