4800,100,153521.02593798575,71496.82628151077,42511.79157511906,3.611257494681481  				( 0.15, 3.75)


P,n,Paper,Min Time,Time opt,mast  -------------Amdahl                                   -----------------------(0.1,1.2)
2100,100,147741.40996024807,150542.55800295912,96617.8227975813,1.529132055374224

Roofline
5000,200,110312.27538914858,105177.57652078086,80734.62460973267,1.3663564539055315  --------------------------(0.2,1.85)

5000,200,240847.65068240362,105778.22226234543,80734.62460973267,2.983201468349543 --------------------------(0.6,4.85)

4500,200,134375.5301689631,124199.85882981747,89705.13845525852,1.497969151856161----------------------------(0.3,2.55)



400,100,749441.5265888997,528687.1928203739,507243.5696873019,1.4774786145655912				( 0.10 ,3)
100,300,7878553.499476334,6281795.328494754,6281795.328494752,1.2541881878479155
2300,200,263304.32640583825,243205.82266734907,175510.05349941883,1.5002236120149672
2700,300,459247.0198122967,381385.1734407427,232659.08624054634,1.9739053704418017
5000,200,168531.87479646385,107483.76085709104,80734.62460973267,2.087479512181284
4200,300,415330.83220730704,225324.68930133292,149566.55544035122,2.7768964190189265
1900,500,795100.249621171,850001.0168501956,537627.2966383325,1.4789060276380335
800,900,2394242.8853310985,2539640.100124318,2250788.2858079933,1.0637352701840668
4300,800,823393.7151124883,551132.6801090358,379919.0785756418,2.167287092292078
3900,1000,853781.8991867008,825783.1871742085,524852.4555790056,1.626708401782797

600,100,375124.3095701943,367428.210579966,338162.37979153456,1.1093023115150937 ----------------------	----------(0.2,4)
4600,200,184639.05776298087,120808.75056975843,87755.02674970942,2.1040282773726378
1900,400,587904.4578699037,633053.7510313896,416068.08362533816,1.413000614580428
600,800,2924406.107636839,2992916.6421420253,2722753.396458766,1.0740620547715942
2900,800,1025524.63470768,972533.2901733643,563328.2889225034,1.8204742330076036
3500,900,907494.0018188766,835254.0837806562,514465.89389896987,1.7639536703614584
2500,800,1040737.6998379407,1049473.6650482293,653460.8151501039,1.5926550999066058
4800,900,887389.5408685838,488074.2142604956,375131.3809679989,2.365543342651688
3700,1000,1083646.7067316629,878887.659427324,553222.8585832763,1.9587887411353995
4800,1000,1073328.1611045133,566444.6684810515,426442.6201579421,2.5169345425815632

200,500,5714822.224065452,5163874.915286065,5107459.31806416,1.1189168367632727 --------------------------------(0.3 ,1)
3300,300,238531.3656317942,349307.44695492834,190357.43419681065,1.2530709222796967
300,800,6168624.121924806,5625116.877883204,5445506.792917532,1.1327915576099852
1100,800,1727977.5029228493,1847835.7591656465,1485138.2162502361,1.1635129202221648
4600,600,318392.5714806247,372556.63841773587,264375.86190086015,1.204317857127292
1400,800,1351858.2697701696,1588936.9690699454,1166894.3127680426,1.15850960535009
4000,800,513225.35534878453,620422.1432243318,408413.0094688149,1.2566332204164834
2700,900,778976.0026665536,1030157.7079647947,666900.2328319979,1.1680547768871288
3600,800,551523.7605422463,853548.0209773622,453792.2327431277,1.2153662419657152
4100,1000,591939.2510236582,731871.9437476062,499249.8967702737,1.1856572326864894

4200,100,158858.31870755437,74863.36339982228,48308.91139879065,3.2883853953192403 ---------------------------(0.25 ,3.5)
1400,200,326783.3989483755,354684.76800541487,288337.9450347595,1.1333347017819015
3000,200,201912.9056605144,200250.1342129651,134557.70768288776,1.5005673709629677
2900,300,482013.3091369785,385874.7458299492,216613.6320170604,2.2252214906724586
800,600,1682482.8893639029,1759645.6325685978,1520161.205929946,1.1067792565688177
2600,400,494184.8292338375,539411.6764598978,304049.7534185163,1.6253419832694465
1800,600,881576.3170784008,1004001.6846016017,675627.2026355315,1.304826557662997
4700,600,713199.4755343323,339935.5978101945,258750.843562544,2.7563174895000535
600,900,3267277.2285125502,3276748.303414164,3001051.047743991,1.0887109804309034
3500,1000,1041011.4860512036,985196.1886649185,584835.5933594635,1.780007061593729



4500,100,69783.16867801509,70233.15774953176,45088.317305537945,1.5476995560764477 -----------------------------(0.3,1.2)
1300,200,362168.21592069714,370999.8422341157,310517.78696051025,1.166336458422446
2400,100,107865.91606403298,137493.64144974167,84540.59494788364,1.2759067537971385
3500,400,280556.46233882604,402938.4651362753,225865.53111089783,1.242139342638676
2900,500,436803.8089211817,630309.9565893387,352238.57365959714,1.240079427937124
1500,600,943716.7126828916,1106082.6630975462,810752.6431626378,1.1640007845075642
3900,700,456567.9200272259,604361.0065146934,365446.52556977374,1.249342620826353
4800,800,474689.6882855048,493707.21573920257,340344.17455734574,1.394734283032433
4900,800,469686.2098327321,472866.98658980225,333398.3750765836,1.4087837402472114
3900,1000,611400.0501704362,788372.8101328617,524852.4555790056,1.1648989038185087


General Model

P,n,Paper,Min Time,Time opt,mast
100,400,8918327.832879016,7905293.588881422,7905293.588881425,1.128146315201044      -------------------------(0.3,1.2)
1700,100,148168.14023109537,164317.80724984108,119351.4281617181,1.2414442165730215
1000,200,464574.59769628255,458887.68691009993,403673.1230486633,1.1508682921163356
3300,100,93208.19640706363,114564.60124995718,61484.06905300629,1.5159731267412948
800,300,922115.7768740503,906301.4483928945,785224.416061844,1.174334060444479
3700,300,230040.0479448684,279466.65267652087,169778.25212147977,1.3549441407858887
1800,400,510041.1503459553,661391.8897745323,439182.9771600792,1.1613408917715151
4100,400,230693.7548998994,291605.19007170905,192812.03875320547,1.1964696623284066
3800,700,468981.98138516396,623404.5590162121,375063.5394005573,1.2504067501061584
2800,900,752142.5509905886,981204.0648740525,643082.3673737124,1.1695897588706525


P,n,Paper,Min Time,Time opt,mast
300,200,1446233.398095552,1358888.661995223,1345577.0768288777,1.0748053181047728 ----------------------------(0.2,3)
1500,100,195681.00866406484,187512.40281848656,135264.95191661385,1.4466497484484775
200,400,4127654.9818444126,3975616.416267132,3952646.7944407123,1.0442762018730953
2000,100,172793.06908453192,156684.41760344442,101448.71393746037,1.703255392582432
1700,400,542790.6692772494,679577.134736752,465017.26993420144,1.167248410696774
4100,400,369843.29478387546,313923.27130602597,192812.03875320547,1.918154577771285
3300,400,393645.40335369925,392220.1469403283,239554.35117822498,1.6432404647112118
2900,800,870970.9848086815,960952.7710785231,563328.2889225034,1.5461161847110794
3800,700,698066.1322642553,625488.374616719,375063.5394005573,1.8611943282461811
2200,1000,1121444.8059540547,1442112.1307455944,930420.2621627828,1.2053099567578538



Communication :

P,n,Paper,Min Time,Time opt,mast
4600,100,126572.6949009921,70337.79699574863,44108.13649454799,2.8695996920349875 -----------------------------(0.2,3)
200,300,3290101.09664058,3186201.3555993903,3140897.664247376,1.047503436387494
2300,200,216627.70066595278,229692.62548686416,175510.05349941883,1.2342751674146695
900,300,815586.4745819834,828343.9160196345,697977.258721639,1.1685000684345337
4700,300,387673.05655527546,204704.93645270553,142348.1066563424,2.7234156158549965
1300,500,949649.2216727415,1081176.3476145973,785762.9720098707,1.208569575687275
100,900,18461086.47633628,18006306.286463942,18006306.286463946,1.0252567174320595
3300,600,578087.0180092099,632840.1115044531,368523.92871028994,1.568655311019614
4100,700,690457.8327591629,536022.9571183182,347619.86578588234,1.9862438851076847
4400,700,676367.2425993751,477834.2343094475,323918.5113004813,2.0880783870111905





Amdahl:
P,n,Paper,Min Time,Time opt,mast
3200,300,264039.95881541225,354195.3015234018,196306.104015461,1.3450420206730636 ----------------------------(0.4,1.5)
2500,200,201385.0289745839,228334.28875567476,161469.24921946533,1.2472036003639675
1700,400,573485.5580651537,690519.9944126373,465017.26993420144,1.2332564727032616
2000,400,487658.2184516028,629287.8911169734,395264.67944407125,1.2337510630534467
600,800,3401581.258204904,3024210.725528112,2722753.396458766,1.2493166889917489
4900,600,372674.8516314764,347289.49562129367,248189.58464162383,1.5015732919236096
1100,1000,2307654.32775404,2337619.2410028223,1860840.5243255657,1.240113968707993
2900,900,755254.0740105364,965602.9388689895,620907.1133263429,1.21637207530844
4300,800,549946.713348892,553297.2122694833,379919.0785756418,1.4475364475264114
2400,1000,1047512.1581377694,1295336.2892814002,852885.2403158842,1.228198248277577







